0,2,11,80,82,86,89,91,92,93,94,96,97,98,107,132,136,140,141,142,143,144,168,170,171,173,176,177,178,179,181,182
2,0,9,78,80,84,87,89,90,91,92,94,95,96,105,130,134,138,139,140,141,142,166,168,169,171,174,175,176,177,179,180
11,9,0,69,71,75,78,80,81,82,83,85,86,87,96,121,125,129,130,131,132,133,157,159,160,162,165,166,167,168,170,171
80,78,69,0,70,74,77,79,80,81,82,84,85,86,95,120,124,128,129,130,131,132,156,158,159,161,164,165,166,167,169,170
82,80,71,70,0,74,77,79,80,81,82,84,85,86,95,120,124,128,129,130,131,132,156,158,159,161,164,165,166,167,169,170
86,84,75,74,74,0,78,80,81,82,83,85,86,87,96,121,125,129,130,131,132,133,157,159,160,162,165,166,167,168,170,171
89,87,78,77,77,78,0,2,3,4,5,7,8,9,18,43,47,51,52,53,54,55,79,81,155,159,162,163,164,165,167,168
91,89,80,79,79,80,2,0,1,2,3,5,6,7,16,41,45,49,50,51,52,53,77,79,153,157,160,161,162,163,165,166
92,90,81,80,80,81,3,1,0,1,2,4,5,6,15,40,44,48,49,50,51,52,76,78,152,156,159,160,161,162,164,165
93,91,82,81,81,82,4,2,1,0,1,3,4,5,14,39,43,47,48,49,50,51,75,77,151,155,158,159,160,161,163,164
94,92,83,82,82,83,5,3,2,1,0,2,3,4,13,38,42,46,47,48,49,50,74,76,150,154,157,158,159,160,162,163
96,94,85,84,84,85,7,5,4,3,2,0,1,2,11,36,40,44,45,46,47,48,72,74,148,152,155,156,157,158,160,161
97,95,86,85,85,86,8,6,5,4,3,1,0,1,10,35,39,43,44,45,46,47,71,73,147,151,154,155,156,157,159,160
98,96,87,86,86,87,9,7,6,5,4,2,1,0,9,34,38,42,43,44,45,46,70,72,146,150,153,154,155,156,158,159
107,105,96,95,95,96,18,16,15,14,13,11,10,9,0,25,29,33,34,35,36,37,61,63,137,141,144,145,146,147,149,150
132,130,121,120,120,121,43,41,40,39,38,36,35,34,25,0,4,8,9,10,11,12,36,38,112,116,119,120,121,122,124,125
136,134,125,124,124,125,47,45,44,43,42,40,39,38,29,4,0,4,5,6,7,8,32,34,108,112,115,116,117,118,120,121
140,138,129,128,128,129,51,49,48,47,46,44,43,42,33,8,4,0,1,2,3,4,28,30,104,108,111,112,113,114,116,117
141,139,130,129,129,130,52,50,49,48,47,45,44,43,34,9,5,1,0,1,2,3,27,29,103,107,110,111,112,113,115,116
142,140,131,130,130,131,53,51,50,49,48,46,45,44,35,10,6,2,1,0,1,2,26,28,102,106,109,110,111,112,114,115
143,141,132,131,131,132,54,52,51,50,49,47,46,45,36,11,7,3,2,1,0,1,25,27,101,105,108,109,110,111,113,114
144,142,133,132,132,133,55,53,52,51,50,48,47,46,37,12,8,4,3,2,1,0,24,26,100,104,107,108,109,110,112,113
168,166,157,156,156,157,79,77,76,75,74,72,71,70,61,36,32,28,27,26,25,24,0,2,76,80,83,84,85,86,88,89
170,168,159,158,158,159,81,79,78,77,76,74,73,72,63,38,34,30,29,28,27,26,2,0,74,78,81,82,83,84,86,87
171,169,160,159,159,160,155,153,152,151,150,148,147,146,137,112,108,104,103,102,101,100,76,74,0,78,81,82,83,84,86,87
173,171,162,161,161,162,159,157,156,155,154,152,151,150,141,116,112,108,107,106,105,104,80,78,78,0,3,4,5,6,8,9
176,174,165,164,164,165,162,160,159,158,157,155,154,153,144,119,115,111,110,109,108,107,83,81,81,3,0,1,2,3,5,6
177,175,166,165,165,166,163,161,160,159,158,156,155,154,145,120,116,112,111,110,109,108,84,82,82,4,1,0,1,2,4,5
178,176,167,166,166,167,164,162,161,160,159,157,156,155,146,121,117,113,112,111,110,109,85,83,83,5,2,1,0,1,3,4
179,177,168,167,167,168,165,163,162,161,160,158,157,156,147,122,118,114,113,112,111,110,86,84,84,6,3,2,1,0,2,3
181,179,170,169,169,170,167,165,164,163,162,160,159,158,149,124,120,116,115,114,113,112,88,86,86,8,5,4,3,2,0,1
182,180,171,170,170,171,168,166,165,164,163,161,160,159,150,125,121,117,116,115,114,113,89,87,87,9,6,5,4,3,1,0
